===== COMPARAISON DES MODÈLES (mêmes données de test) =====
Model                | fault_acc fault_f1  | type_acc  type_f1   | sev_mae   sev_acc   | comb_acc  comb_f1
--------------------------------------------------------------------------------------------------------------
XGBoost_GPU          | 0.965    0.975    | 0.944    0.943    | 0.371    0.640    | 0.615    0.294
KNN_CUDA             | 0.772    0.818    | 0.657    0.650    | 0.615    0.632    | 0.594    0.549
Deep_MTL             | 0.971    0.979    | 0.926    0.924    | 0.146    0.902    | 0.856    0.324

===== MATRICES DE CONFUSION SUR LES COMBINAISONS (fault,type,sev) =====

--- XGBoost_GPU ---
Classes (codes fault*100+type*10+sev) : [  0   1   2  10  11  12  21 100 101 102 110 111 112 113 120 121 122 123
 131 132 133]
Mapping code -> (fault, type, sev) :
  0 -> (fault=0, type=0, sev=0)
  1 -> (fault=0, type=0, sev=1)
  2 -> (fault=0, type=0, sev=2)
  10 -> (fault=0, type=1, sev=0)
  11 -> (fault=0, type=1, sev=1)
  12 -> (fault=0, type=1, sev=2)
  21 -> (fault=0, type=2, sev=1)
  100 -> (fault=1, type=0, sev=0)
  101 -> (fault=1, type=0, sev=1)
  102 -> (fault=1, type=0, sev=2)
  110 -> (fault=1, type=1, sev=0)
  111 -> (fault=1, type=1, sev=1)
  112 -> (fault=1, type=1, sev=2)
  113 -> (fault=1, type=1, sev=3)
  120 -> (fault=1, type=2, sev=0)
  121 -> (fault=1, type=2, sev=1)
  122 -> (fault=1, type=2, sev=2)
  123 -> (fault=1, type=2, sev=3)
  131 -> (fault=1, type=3, sev=1)
  132 -> (fault=1, type=3, sev=2)
  133 -> (fault=1, type=3, sev=3)
Confusion matrix :
[[799 312   0   0   0   1   8   9  59   5   0   4   5   0   0  13   1   0
    5   1   0]
 [  0   0   0   0   0   0   0   0   0   0   0   0   0   0   0   0   0   0
    0   0   0]
 [  0   0   0   0   0   0   0   0   0   0   0   0   0   0   0   0   0   0
    0   0   0]
 [  0   0   0   0   0   0   0   0   0   0   0   0   0   0   0   0   0   0
    0   0   0]
 [  0   0   0   0   0   0   0   0   0   0   0   0   0   0   0   0   0   0
    0   0   0]
 [  0   0   0   0   0   0   0   0   0   0   0   0   0   0   0   0   0   0
    0   0   0]
 [  0   0   0   0   0   0   0   0   0   0   0   0   0   0   0   0   0   0
    0   0   0]
 [  0   0   0   0   0   0   0   0   0   0   0   0   0   0   0   0   0   0
    0   0   0]
 [  0   0   0   0   0   0   0   0   0   0   0   0   0   0   0   0   0   0
    0   0   0]
 [  0   0   0   0   0   0   0   0   0   0   0   0   0   0   0   0   0   0
    0   0   0]
 [  0   0   0   0   0   0   0   0   0   0   0   0   0   0   0   0   0   0
    0   0   0]
 [  9   5   0   1   7   0   0   4  18   0  12 221  40   0   0   4   3   0
    0   3   0]
 [  1   0   0   0   0   0   0   0   1   0   0  33 254   4   0   0   3   0
    0   2   0]
 [  0   3   1   0   0   1   0   0   0   3   0   4 151 123   0   0   8   1
    0  13   7]
 [  0   0   0   0   0   0   0   0   0   0   0   0   0   0   0   0   0   0
    0   0   0]
 [  0   1   0   0   0   0   1   1   6   1   0   8   2   0   6 236  54   0
    0   2   0]
 [  0   2   0   0   0   0   3   0   2   3   0   1   2   0   0  80 185   4
    0   9   2]
 [  0   1   0   0   0   0   0   0   1   1   0   0  11   0   0  17 185  82
    0   6   3]
 [  0   0   0   0   0   0   0   0   1   0   0   1   1   0   0   3   5   0
  133 168   1]
 [  0   1   0   0   0   0   0   0   3   1   0   0   6   0   0   0   0   1
   14 275   6]
 [  0   0   0   0   0   0   0   0   0   0   0   0   0   0   0   3   4   0
    2 133 143]]

--- KNN_CUDA ---
Classes (codes fault*100+type*10+sev) : [  0 111 112 113 121 122 123 131 132 133]
Mapping code -> (fault, type, sev) :
  0 -> (fault=0, type=0, sev=0)
  111 -> (fault=1, type=1, sev=1)
  112 -> (fault=1, type=1, sev=2)
  113 -> (fault=1, type=1, sev=3)
  121 -> (fault=1, type=2, sev=1)
  122 -> (fault=1, type=2, sev=2)
  123 -> (fault=1, type=2, sev=3)
  131 -> (fault=1, type=3, sev=1)
  132 -> (fault=1, type=3, sev=2)
  133 -> (fault=1, type=3, sev=3)
Confusion matrix :
[[1036   44   15   14   25   20   21   19   12   16]
 [ 129  146    9   14    5    8    4    6    5    1]
 [  64   10  172   13    9    4    1   12    7    6]
 [  74   13   16  151   11    9    7    8   13   13]
 [ 100   14    6    9  147   13   13    7    3    6]
 [  99   13    8   10   21  102   20   10    3    7]
 [ 102   13    5   10   15    8  134    7    4    9]
 [  50   13   27   11    8    6    9  154   17   18]
 [  63   13   12   15    7    1    3   15  160   18]
 [  41    5   17   12    5    8   12   13    5  167]]

--- Deep_MTL ---
Classes (codes fault*100+type*10+sev) : [  0   1   2   3  11  13  20  22  30  31 100 101 102 103 110 111 112 113
 120 121 122 123 130 131 132 133]
Mapping code -> (fault, type, sev) :
  0 -> (fault=0, type=0, sev=0)
  1 -> (fault=0, type=0, sev=1)
  2 -> (fault=0, type=0, sev=2)
  3 -> (fault=0, type=0, sev=3)
  11 -> (fault=0, type=1, sev=1)
  13 -> (fault=0, type=1, sev=3)
  20 -> (fault=0, type=2, sev=0)
  22 -> (fault=0, type=2, sev=2)
  30 -> (fault=0, type=3, sev=0)
  31 -> (fault=0, type=3, sev=1)
  100 -> (fault=1, type=0, sev=0)
  101 -> (fault=1, type=0, sev=1)
  102 -> (fault=1, type=0, sev=2)
  103 -> (fault=1, type=0, sev=3)
  110 -> (fault=1, type=1, sev=0)
  111 -> (fault=1, type=1, sev=1)
  112 -> (fault=1, type=1, sev=2)
  113 -> (fault=1, type=1, sev=3)
  120 -> (fault=1, type=2, sev=0)
  121 -> (fault=1, type=2, sev=1)
  122 -> (fault=1, type=2, sev=2)
  123 -> (fault=1, type=2, sev=3)
  130 -> (fault=1, type=3, sev=0)
  131 -> (fault=1, type=3, sev=1)
  132 -> (fault=1, type=3, sev=2)
  133 -> (fault=1, type=3, sev=3)
Confusion matrix :
[[1140    1    0    0    0    0    0    1    1    0   24    0    5    4
     2    6    0    1    8    4   13    3    0    3    1    5]
 [   0    0    0    0    0    0    0    0    0    0    0    0    0    0
     0    0    0    0    0    0    0    0    0    0    0    0]
 [   0    0    0    0    0    0    0    0    0    0    0    0    0    0
     0    0    0    0    0    0    0    0    0    0    0    0]
 [   0    0    0    0    0    0    0    0    0    0    0    0    0    0
     0    0    0    0    0    0    0    0    0    0    0    0]
 [   0    0    0    0    0    0    0    0    0    0    0    0    0    0
     0    0    0    0    0    0    0    0    0    0    0    0]
 [   0    0    0    0    0    0    0    0    0    0    0    0    0    0
     0    0    0    0    0    0    0    0    0    0    0    0]
 [   0    0    0    0    0    0    0    0    0    0    0    0    0    0
     0    0    0    0    0    0    0    0    0    0    0    0]
 [   0    0    0    0    0    0    0    0    0    0    0    0    0    0
     0    0    0    0    0    0    0    0    0    0    0    0]
 [   0    0    0    0    0    0    0    0    0    0    0    0    0    0
     0    0    0    0    0    0    0    0    0    0    0    0]
 [   0    0    0    0    0    0    0    0    0    0    0    0    0    0
     0    0    0    0    0    0    0    0    0    0    0    0]
 [   0    0    0    0    0    0    0    0    0    0    0    0    0    0
     0    0    0    0    0    0    0    0    0    0    0    0]
 [   0    0    0    0    0    0    0    0    0    0    0    0    0    0
     0    0    0    0    0    0    0    0    0    0    0    0]
 [   0    0    0    0    0    0    0    0    0    0    0    0    0    0
     0    0    0    0    0    0    0    0    0    0    0    0]
 [   0    0    0    0    0    0    0    0    0    0    0    0    0    0
     0    0    0    0    0    0    0    0    0    0    0    0]
 [   0    0    0    0    0    0    0    0    0    0    0    0    0    0
     0    0    0    0    0    0    0    0    0    0    0    0]
 [   8    1    0    0    1    0    0    0    0    0    5    2    1    0
     0  262   14   13    0   13    5    1    0    0    1    0]
 [   2    0    0    0    0    0    0    0    0    0    0    0    0    1
     0    4  278    8    0    0    2    0    0    0    1    2]
 [   3    0    0    1    0    1    0    0    0    0    5    0    0    1
     2    5   20  262    0    2    1    4    0    2    1    5]
 [   0    0    0    0    0    0    0    0    0    0    0    0    0    0
     0    0    0    0    0    0    0    0    0    0    0    0]
 [   2    0    0    0    0    0    3    0    0    0    2    1    1    0
     0    3    0    1    1  265   24    9    0    4    0    2]
 [   2    0    3    0    0    0    0    0    0    0    1    0    2    0
     0    1    0    1    3   21  233   17    0    0    5    4]
 [   2    0    0    0    0    0    1    0    0    0    3    0    0    3
     1    1    1   10    3    7   30  232    0    0    0   13]
 [   0    0    0    0    0    0    0    0    0    0    0    0    0    0
     0    0    0    0    0    0    0    0    0    0    0    0]
 [   1    0    0    0    0    0    0    0    1    1    1    0    0    3
     0    2    3    4    0   13    2    2    0  246    9   25]
 [   0    0    0    0    0    0    0    0    0    0    4    1    1    0
     0    3   22    1    0    2    8    3    1    3  251    7]
 [   2    0    0    1    0    0    0    0    0    0    2    0    0    1
     0    0    1    6    0    1    3   15    0    5    4  244]]